# 位移计算：
	单位：位移(默认),转角(默认)
  ____________________________________________________________________________________________________
	ElemNo    End1 u         End1 v         End1 θ         End2 u         End2 v         End2 θ         
  ----------------------------------------------------------------------------------------------------
	1         0.000000000    0.000000000    -0.001255695   0.004320032    -0.000454274   -0.000728633   
	2         0.004320032    -0.000454274   -0.000728633   0.004760768    -0.001259147   -0.000016002   
	3         0.000000000    0.000000000    0.000000000    0.000444600    -0.000936855   -0.000919858   
	4         0.000444600    -0.000936855   -0.000919858   0.004760768    -0.001259147   -0.001873565   
	5         0.000444600    -0.000936855   -0.000919858   0.000416301    -0.001903046   -0.000500464   
	6         0.004760768    -0.001259147   -0.001873565   0.004688082    -0.002920048   -0.000530235   
	7         0.000000000    0.000000000    0.000042081    0.000416301    -0.001903046   -0.000500464   
	8         0.000416301    -0.001903046   -0.000500464   0.004688082    -0.002920048   -0.000530235   
	9         0.000416301    -0.001903046   0.000011754    0.000780693    -0.000559596   -0.000022700   
	10        0.000000000    0.000000000    0.000000000    0.000780693    -0.000559596   -0.000022700   
  ____________________________________________________________________________________________________
	正负号规定满足：u沿x轴为正，v沿y轴为正，θ逆时针旋转为正。



# 内力计算：
	单位：力(默认),力矩(默认)
  ____________________________________________________________________________________________________
	ElemNo    End1 FN        End1 FQ        End1 M         End2 FN        End2 FQ        End2 M         
  ----------------------------------------------------------------------------------------------------
	1         11.356849417   0.988241958    0.000000000    -11.356849417  -0.988241958   3.952967833    
	2         22.118385474   -1.096356016   -3.952967833   -22.118385474  1.096356016    -0.000000000   
	3         31.228487150   -6.234581410   -4.752579792   -31.228487150  6.234581410    -13.951164437  
	4         10.743088295   0.840212142    6.028852469    -10.743088295  -0.840212142   -3.508216044   
	5         7.074793551    20.485398855   7.922311968    -7.074793551   27.514601145   -21.980716546  
	6         18.171545900   22.099937711   3.508216044    -18.171545900  33.900062289   -27.108465198  
	7         63.434864492   -1.808485318   -0.000000000   -63.434864492  1.808485318    -5.425455955   
	8         33.900062289   18.171545900   27.406172501   -33.900062289  -18.171545900  27.108465198   
	9         25.027616723   10.472017800   0.000000000    -25.027616723  21.150758800   -16.884572054  
	10        27.979798940   17.054824770   17.225077486   -27.979798940  -17.054824770  16.884572054   
  ____________________________________________________________________________________________________
	正负号规定满足：FN沿x轴为正，FQ沿y轴为正，M逆时针旋转为正。

