1
24,18,42,4,8
0,0,0,0,0
0,2,1,2,3
1.5,0,0,0,0
1.5,2,4,5,6
5.5,0,0,0,0
5.5,2,7,8,9
7,0,0,0,0
7,2,10,11,12
1.5,3,13,14,15
5.5,3,16,17,18
2.5,3,19,20,21
2.5,3.75,22,23,24
4.5,3,25,26,27
4.5,3.75,28,29,30
3.5,3.75,31,32,33
3.5,4.5,34,35,36
-0.375,1.75,37,38,39
7.375,1.75,40,41,42
1,2,5E7,3E9
3,4,5E7,3E9
5,6,5E7,3E9
7,8,5E7,3E9
4,9,5E7,3E9
6,10,5E7,3E9
11,12,7E5,3E8
13,14,7E5,3E8
15,16,7E5,3E8
2,4,4E6,7E8
6,8,4E6,7E8
9,11,4E6,7E8
11,13,4E6,7E8
13,10,4E6,7E8
12,15,4E6,7E8
15,14,4E6,7E8
12,16,3E4,4E7
14,16,3E4,4E7
9,12,3E4,4E7
10,14,3E4,4E7
2,9,3E4,4E7
8,10,3E4,4E7
17,2,3E4,4E7
18,8,3E4,4E7
11,2,-15
13,2,-15
15,2,-25
16,2,-10
17,1,1.25,-10
18,1,1.25,10
19,1,1.25,-10
20,1,1.25,10
21,1,1.803,-10
22,1,1.803,10
23,1,0.451,-10
24,1,0.451,10