# 位移计算：
	单位：位移(默认),转角(默认)
  ____________________________________________________________________________________________________
	ElemNo    End1 u         End1 v         End1 θ         End2 u         End2 v         End2 θ         
  ----------------------------------------------------------------------------------------------------
	1         0.000000000    0.000000000    0.000000000    0.000000046    -0.000001397   -0.000000039   
	2         0.000000000    0.000000000    0.000000000    0.000000042    -0.000001453   -0.000000040   
	3         0.000000000    0.000000000    0.000000000    -0.000000042   -0.000001453   0.000000040    
	4         0.000000000    0.000000000    0.000000000    -0.000000046   -0.000001397   0.000000039    
	5         0.000000042    -0.000001453   -0.000000040   0.000000091    -0.000002025   -0.000000058   
	6         -0.000000042   -0.000001453   0.000000040    -0.000000091   -0.000002025   0.000000058    
	7         -0.000000697   -0.000002074   -0.000000036   -0.000000667   -0.000002876   -0.000000045   
	8         0.000000697    -0.000002074   0.000000036    0.000000667    -0.000002876   0.000000045    
	9         -0.000000000   -0.000002900   -0.000000000   -0.000000000   -0.000002476   -0.000000000   
	10        0.000000046    -0.000001397   -0.000000039   0.000000042    -0.000001453   -0.000000040   
	11        -0.000000042   -0.000001453   0.000000040    -0.000000046   -0.000001397   0.000000039    
	12        0.000000091    -0.000002025   -0.000000058   -0.000000697   -0.000002074   -0.000000036   
	13        -0.000000697   -0.000002074   -0.000000036   0.000000697    -0.000002074   0.000000036    
	14        0.000000697    -0.000002074   0.000000036    -0.000000091   -0.000002025   0.000000058    
	15        -0.000000667   -0.000002876   -0.000000045   -0.000000000   -0.000002900   -0.000000000   
	16        -0.000000000   -0.000002900   -0.000000000   0.000000667    -0.000002876   0.000000045    
	17        -0.000000667   -0.000002876   -0.000000045   -0.000000000   -0.000002476   -0.000000000   
	18        0.000000667    -0.000002876   0.000000045    -0.000000000   -0.000002476   -0.000000000   
	19        0.000000091    -0.000002025   -0.000000058   -0.000000667   -0.000002876   -0.000000045   
	20        -0.000000091   -0.000002025   0.000000058    0.000000667    -0.000002876   0.000000045    
	21        0.000000046    -0.000001397   -0.000000039   0.000000091    -0.000002025   -0.000000058   
	22        -0.000000046   -0.000001397   0.000000039    -0.000000091   -0.000002025   0.000000058    
	23        0.000000037    -0.000001383   -0.000000036   0.000000046    -0.000001397   -0.000000039   
	24        -0.000000037   -0.000001383   0.000000036    -0.000000046   -0.000001397   0.000000039    
  ____________________________________________________________________________________________________
	正负号规定满足：u沿x轴为正，v沿y轴为正，θ逆时针旋转为正。



# 内力计算：
	单位：力(默认),力矩(默认)
  ____________________________________________________________________________________________________
	ElemNo    End1 FN        End1 FQ        End1 M         End2 FN        End2 FQ        End2 M         
  ----------------------------------------------------------------------------------------------------
	1         34.922872261   28.415664484   87.422310395   -34.922872261  -28.415664484  -30.590981427  
	2         36.331541373   8.465899052    68.360628091   -36.331541373  -8.465899052   -51.428829987  
	3         36.331541373   -8.465899052   -68.360628091  -36.331541373  8.465899052    51.428829987   
	4         34.922872261   -28.415664484  -87.422310395  -34.922872261  28.415664484   30.590981427   
	5         28.606221923   8.455655783    57.499112103   -28.606221923  -8.455655783   -49.043456320  
	6         28.606221923   -8.455655783   -57.499112103  -28.606221923  8.455655783    49.043456320   
	7         0.748835008    -5.939066434   1.656433939    -0.748835008   5.939066434    -6.110733765   
	8         0.748835008    5.939066434    -1.656433939   -0.748835008   -5.939066434   6.110733765    
	9         -0.395970130   -0.000000000   -0.000000000   0.395970130    0.000000000    0.000000000    
	10        0.010243269    -7.725319450   -5.517697059   -0.010243269   7.725319450    -6.070282116   
	11        0.010243269    7.725319450    6.070282116    -0.010243269   -7.725319450   5.517697059    
	12        3.151241970    15.748835008   -7.550576708   -3.151241970   -15.748835008  23.299411716   
	13        -2.787824464   -0.000000000   -24.955845655  2.787824464    0.000000000    24.955845655   
	14        3.151241970    -15.748835008  -23.299411716  -3.151241970   15.748835008   7.550576708    
	15        -2.669091338   12.302014935   -25.601109929  2.669091338    -12.302014935  37.903124864   
	16        -2.669091338   -12.302014935  -37.903124864  2.669091338    12.302014935   25.601109929   
	17        -0.018573209   19.011411238   7.826439990    0.018573209    -6.511411238   8.125324057    
	18        -0.018573209   -19.011411238  -7.826439990   0.018573209    6.511411238    -8.125324057   
	19        0.026808529    45.918849843   25.700658601   -0.026808529   -33.418849843  23.885403703   
	20        0.026808529    -45.918849843  -25.700658601  -0.026808529   33.418849843   -23.885403703  
	21        0.005175399    46.743297074   37.124303018   -0.005175399   -28.713297074  30.893374427   
	22        0.005175399    -46.743297074  -37.124303018  -0.005175399   28.713297074   -30.893374427  
	23        -0.000000000   -0.000000000   -0.000000000   0.000000000    4.510000000    -1.015624532   
	24        -0.000000000   0.000000000    0.000000000    0.000000000    -4.510000000   1.015624532    
  ____________________________________________________________________________________________________
	正负号规定满足：FN沿x轴为正，FQ沿y轴为正，M逆时针旋转为正。

