# 位移计算：
	单位：位移(默认),转角(默认)
  ____________________________________________________________________________________________________
	ElemNo    End1 u         End1 v         End1 θ         End2 u         End2 v         End2 θ         
  ----------------------------------------------------------------------------------------------------
	1         0.000000000    0.000000000    0.000000000    0.000000065    -0.000001856   -0.000000042   
	2         0.000000000    0.000000000    0.000000000    0.000000051    -0.000001894   -0.000000040   
	3         0.000000000    0.000000000    0.000000000    -0.000000051   -0.000001894   0.000000040    
	4         0.000000000    0.000000000    0.000000000    -0.000000065   -0.000001856   0.000000042    
	5         0.000000051    -0.000001894   -0.000000040   0.000000074    -0.000002072   -0.000000050   
	6         -0.000000051   -0.000001894   0.000000040    -0.000000074   -0.000002072   0.000000050    
	7         -0.000000723   -0.000002121   -0.000000046   -0.000000689   -0.000002775   -0.000000070   
	8         0.000000723    -0.000002121   0.000000046    0.000000689    -0.000002775   0.000000070    
	9         -0.000000000   -0.000002833   -0.000000000   -0.000000000   -0.000002624   0.000000000    
	10        0.000000065    -0.000001856   -0.000000042   0.000000051    -0.000001894   -0.000000040   
	11        -0.000000051   -0.000001894   0.000000040    -0.000000065   -0.000001856   0.000000042    
	12        0.000000074    -0.000002072   -0.000000050   -0.000000723   -0.000002121   -0.000000046   
	13        -0.000000723   -0.000002121   -0.000000046   0.000000723    -0.000002121   0.000000046    
	14        0.000000723    -0.000002121   0.000000046    -0.000000074   -0.000002072   0.000000050    
	15        -0.000000689   -0.000002775   -0.000000070   -0.000000000   -0.000002833   -0.000000000   
	16        -0.000000000   -0.000002833   -0.000000000   0.000000689    -0.000002775   0.000000070    
	17        -0.000000689   -0.000002775   -0.000000070   -0.000000000   -0.000002624   0.000000000    
	18        0.000000689    -0.000002775   0.000000070    -0.000000000   -0.000002624   0.000000000    
	19        0.000000074    -0.000002072   -0.000000050   -0.000000689   -0.000002775   -0.000000070   
	20        -0.000000074   -0.000002072   0.000000050    0.000000689    -0.000002775   0.000000070    
	21        0.000000065    -0.000001856   -0.000000042   0.000000074    -0.000002072   -0.000000050   
	22        -0.000000065   -0.000001856   0.000000042    -0.000000074   -0.000002072   0.000000050    
	23        0.000000056    -0.000001838   -0.000000017   0.000000065    -0.000001856   -0.000000042   
	24        -0.000000056   -0.000001838   0.000000017    -0.000000065   -0.000001856   0.000000042    
	25        0.000000051    -0.000001894   -0.000000040   -0.000000051   -0.000001894   0.000000040    
  ____________________________________________________________________________________________________
	正负号规定满足：u沿x轴为正，v沿y轴为正，θ逆时针旋转为正。



# 内力计算：
	单位：力(默认),力矩(默认)
  ____________________________________________________________________________________________________
	ElemNo    End1 FN        End1 FQ        End1 M         End2 FN        End2 FQ        End2 M         
  ----------------------------------------------------------------------------------------------------
	1         37.113986598   28.577940695   85.951313219   -37.113986598  -28.577940695  -14.506461481  
	2         37.885872315   1.983120254    50.635392487   -37.885872315  -1.983120254   -45.677591853  
	3         37.885872315   -1.983120254   -50.635392487  -37.885872315  1.983120254    45.677591853   
	4         37.113986598   -28.577940695  -85.951313219  -37.113986598  28.577940695   14.506461481   
	5         17.729045160   1.942600358    59.362757458   -17.729045160  -1.942600358   -58.391457279  
	6         17.729045160   -1.942600358   -59.362757458  -17.729045160  1.942600358    58.391457279   
	7         0.763038182    -5.113676687   10.549244597   -0.763038182   5.113676687    -13.617450609  
	8         0.763038182    5.113676687    -10.549244597  -0.763038182   -5.113676687   13.617450609   
	9         -0.162058537   -0.000000000   -0.000000000   0.162058537    0.000000000    0.000000000    
	10        0.054806543    -20.156827155  -11.287310766  -0.054806543   20.156827155   -8.869516389   
	11        0.054806543    20.156827155   8.869516389    -0.054806543   -20.156827155  11.287310766   
	12        3.185884260    15.763038182   4.955864120    -3.185884260   -15.763038182  10.807174062   
	13        -1.927792427   0.000000000    -21.356418659  1.927792427    -0.000000000   21.356418659   
	14        3.185884260    -15.763038182  -10.807174062  -3.185884260   15.763038182   -4.955864120   
	15        -1.836055252   12.418970731   -23.319981706  1.836055252    -12.418970731  41.948437803   
	16        -1.836055252   -12.418970731  -41.948437803  1.836055252    12.418970731   23.319981706   
	17        -0.011456982   23.422321637   13.787101524   0.011456982    -5.932321637   11.885228103   
	18        -0.011456982   -23.422321637  -13.787101524  0.011456982    5.932321637    -11.885228103  
	19        0.026124867    48.652808925   26.788107069   -0.026124867   -36.992808925  23.150330791   
	20        0.026124867    -48.652808925  -26.788107069  -0.026124867   36.992808925   -23.150330791  
	21        0.002378852    55.639526912   29.309396121   -0.002378852   -44.459526912  26.647486090   
	22        0.002378852    -55.639526912  -29.309396121  -0.002378852   44.459526912   -26.647486090  
	23        0.000000000    -0.000000000   -0.000000000   -0.000000000   8.390000000    -3.515623874   
	24        -0.000000000   -0.000000000   -0.000000000   0.000000000    -8.390000000   3.515623874    
	25        0.014286648    0.000000000    -4.815649217   -0.014286648   -0.000000000   4.815649217    
  ____________________________________________________________________________________________________
	正负号规定满足：FN沿x轴为正，FQ沿y轴为正，M逆时针旋转为正。

