# 位移计算：
	单位：位移(默认),转角(默认)
  ____________________________________________________________________________________________________
	ElemNo    End1 u         End1 v         End1 θ         End2 u         End2 v         End2 θ         
  ----------------------------------------------------------------------------------------------------
	1         0.000000000    0.000000000    0.000000000    0.000000068    -0.000001854   -0.000000044   
	2         0.000000000    0.000000000    0.000000000    0.000000061    -0.000001897   -0.000000046   
	3         0.000000000    0.000000000    0.000000000    -0.000000061   -0.000001897   0.000000046    
	4         0.000000000    0.000000000    0.000000000    -0.000000068   -0.000001854   0.000000044    
	5         0.000000061    -0.000001897   -0.000000046   0.000000087    -0.000002071   -0.000000057   
	6         -0.000000061   -0.000001897   0.000000046    -0.000000087   -0.000002071   0.000000057    
	7         -0.000000893   -0.000002126   -0.000000049   -0.000000845   -0.000003109   -0.000000080   
	8         0.000000893    -0.000002126   0.000000049    0.000000845    -0.000003109   0.000000080    
	9         -0.000000000   -0.000003174   0.000000000    -0.000000000   -0.000002839   0.000000000    
	10        0.000000068    -0.000001854   -0.000000044   0.000000061    -0.000001897   -0.000000046   
	11        -0.000000061   -0.000001897   0.000000046    -0.000000068   -0.000001854   0.000000044    
	12        0.000000087    -0.000002071   -0.000000057   -0.000000893   -0.000002126   -0.000000049   
	13        -0.000000893   -0.000002126   -0.000000049   0.000000893    -0.000002126   0.000000049    
	14        0.000000893    -0.000002126   0.000000049    -0.000000087   -0.000002071   0.000000057    
	15        -0.000000845   -0.000003109   -0.000000080   -0.000000000   -0.000003174   0.000000000    
	16        -0.000000000   -0.000003174   0.000000000    0.000000845    -0.000003109   0.000000080    
	17        -0.000000845   -0.000003109   -0.000000080   -0.000000000   -0.000002839   0.000000000    
	18        0.000000845    -0.000003109   0.000000080    -0.000000000   -0.000002839   0.000000000    
	19        0.000000087    -0.000002071   -0.000000057   -0.000000845   -0.000003109   -0.000000080   
	20        -0.000000087   -0.000002071   0.000000057    0.000000845    -0.000003109   0.000000080    
	21        0.000000068    -0.000001854   -0.000000044   0.000000087    -0.000002071   -0.000000057   
	22        -0.000000068   -0.000001854   0.000000044    -0.000000087   -0.000002071   0.000000057    
	23        0.000000058    -0.000001834   -0.000000020   0.000000068    -0.000001854   -0.000000044   
	24        -0.000000058   -0.000001834   0.000000020    -0.000000068   -0.000001854   0.000000044    
	25        0.000000061    -0.000001897   -0.000000046   -0.000000061   -0.000001897   0.000000046    
  ____________________________________________________________________________________________________
	正负号规定满足：u沿x轴为正，v沿y轴为正，θ逆时针旋转为正。



# 内力计算：
	单位：力(默认),力矩(默认)
  ____________________________________________________________________________________________________
	ElemNo    End1 FN        End1 FQ        End1 M         End2 FN        End2 FQ        End2 M         
  ----------------------------------------------------------------------------------------------------
	1         37.073295732   28.738887492   89.105466269   -37.073295732  -28.738887492  -17.258247539  
	2         37.930644396   7.224386713    64.577408415   -37.930644396  -7.224386713   -46.516441632  
	3         37.930644396   -7.224386713   -64.577408415  -37.930644396  7.224386713    46.516441632   
	4         37.073295732   -28.738887492  -89.105466269  -37.073295732  28.738887492   17.258247539   
	5         17.466346817   7.213968750    63.682905994   -17.466346817  -7.213968750   -60.075921619  
	6         17.466346817   -7.213968750   -63.682905994  -17.466346817  7.213968750    60.075921619   
	7         0.917464306    -6.297807997   9.862483230    -0.917464306   6.297807997    -14.585839228  
	8         0.917464306    6.297807997    -9.862483230   -0.917464306   -6.297807997   14.585839228   
	9         -0.208084228   0.000000000    0.000000000    0.208084228    -0.000000000   -0.000000000   
	10        0.027497113    -20.464297580  -8.852525720   -0.027497113   20.464297580   -11.611771860  
	11        0.027497113    20.464297580   11.611771860   -0.027497113   -20.464297580  8.852525720    
	12        3.917476597    15.917464306   2.802806233    -3.917476597   -15.917464306  13.114658073   
	13        -2.380331400   0.000000000    -22.977141303  2.380331400    -0.000000000   22.977141303   
	14        3.917476597    -15.917464306  -13.114658073  -3.917476597   15.917464306   -2.802806233   
	15        -2.253265599   12.395957886   -27.941694323  2.253265599    -12.395957886  46.535631151   
	16        -2.253265599   -12.395957886  -46.535631151  2.253265599    12.395957886   27.941694323   
	17        -0.013403765   25.140105466   16.007135007   0.013403765    -6.390105466   13.552437743   
	18        -0.013403765   -25.140105466  -16.007135007  0.013403765    6.390105466    -13.552437743  
	19        0.032833506    51.953544488   30.609032066   -0.032833506   -39.453544488  26.520398544   
	20        0.032833506    -51.953544488  -30.609032066  -0.032833506   39.453544488   -26.520398544  
	21        0.002157404    55.937906251   29.626397134   -0.002157404   -44.757906251  26.664083320   
	22        0.002157404    -55.937906251  -29.626397134  -0.002157404   44.757906251   -26.664083320  
	23        0.000000000    0.000000000    0.000000000    -0.000000000   8.390000000    -3.515623874   
	24        0.000000000    -0.000000000   -0.000000000   -0.000000000   -8.390000000   3.515623874    
	25        0.017079150    0.000000000    -5.554692502   -0.017079150   -0.000000000   5.554692502    
  ____________________________________________________________________________________________________
	正负号规定满足：FN沿x轴为正，FQ沿y轴为正，M逆时针旋转为正。

