# 位移计算：
	单位：位移(默认),转角(默认)
  ____________________________________________________________________________________________________
	ElemNo    End1 u         End1 v         End1 θ         End2 u         End2 v         End2 θ         
  ----------------------------------------------------------------------------------------------------
	1         0.000000000    0.000000000    0.000000000    0.000000045    -0.000001321   -0.000000039   
	2         0.000000000    0.000000000    0.000000000    0.000000042    -0.000001379   -0.000000041   
	3         0.000000000    0.000000000    0.000000000    -0.000000042   -0.000001379   0.000000041    
	4         0.000000000    0.000000000    0.000000000    -0.000000045   -0.000001321   0.000000039    
	5         0.000000042    -0.000001379   -0.000000041   0.000000092    -0.000001950   -0.000000058   
	6         -0.000000042   -0.000001379   0.000000041    -0.000000092   -0.000001950   0.000000058    
	7         -0.000000697   -0.000001999   -0.000000036   -0.000000667   -0.000002802   -0.000000045   
	8         0.000000697    -0.000001999   0.000000036    0.000000667    -0.000002802   0.000000045    
	9         0.000000000    -0.000002826   -0.000000000   0.000000000    -0.000002402   -0.000000000   
	10        0.000000045    -0.000001321   -0.000000039   0.000000042    -0.000001379   -0.000000041   
	11        -0.000000042   -0.000001379   0.000000041    -0.000000045   -0.000001321   0.000000039    
	12        0.000000092    -0.000001950   -0.000000058   -0.000000697   -0.000001999   -0.000000036   
	13        -0.000000697   -0.000001999   -0.000000036   0.000000697    -0.000001999   0.000000036    
	14        0.000000697    -0.000001999   0.000000036    -0.000000092   -0.000001950   0.000000058    
	15        -0.000000667   -0.000002802   -0.000000045   0.000000000    -0.000002826   -0.000000000   
	16        0.000000000    -0.000002826   -0.000000000   0.000000667    -0.000002802   0.000000045    
	17        -0.000000667   -0.000002802   -0.000000045   0.000000000    -0.000002402   -0.000000000   
	18        0.000000667    -0.000002802   0.000000045    0.000000000    -0.000002402   -0.000000000   
	19        0.000000092    -0.000001950   -0.000000058   -0.000000667   -0.000002802   -0.000000045   
	20        -0.000000092   -0.000001950   0.000000058    0.000000667    -0.000002802   0.000000045    
	21        0.000000045    -0.000001321   -0.000000039   0.000000092    -0.000001950   -0.000000058   
	22        -0.000000045   -0.000001321   0.000000039    -0.000000092   -0.000001950   0.000000058    
  ____________________________________________________________________________________________________
	正负号规定满足：u沿x轴为正，v沿y轴为正，θ逆时针旋转为正。



# 内力计算：
	单位：力(默认),力矩(默认)
  ____________________________________________________________________________________________________
	ElemNo    End1 FN        End1 FQ        End1 M         End2 FN        End2 FQ        End2 M         
  ----------------------------------------------------------------------------------------------------
	1         33.030765776   25.945240981   85.135271511   -33.030765776  -25.945240981  -33.244789548  
	2         34.471101031   8.431066565    69.215124043   -34.471101031  -8.431066565   -52.352990913  
	3         34.471101031   -8.431066565   -69.215124043  -34.471101031  8.431066565    52.352990913   
	4         33.030765776   -25.945240981  -85.135271511  -33.030765776  25.945240981   33.244789548   
	5         28.563390202   8.423521621    57.279693530   -28.563390202  -8.423521621   -48.856171910  
	6         28.563390202   -8.423521621   -57.279693530  -28.563390202  8.423521621    48.856171910   
	7         0.749392051    -5.940707489   1.602364184    -0.749392051   5.940707489    -6.057894801   
	8         0.749392051    5.940707489    -1.602364184   -0.749392051   -5.940707489   6.057894801    
	9         -0.395608526   0.000000000    -0.000000000   0.395608526    -0.000000000   0.000000000    
	10        0.007544944    -5.907710829   -3.934863626   -0.007544944   5.907710829    -4.926702617   
	11        0.007544944    5.907710829    4.926702617    -0.007544944   -5.907710829   3.934863626    
	12        3.154348990    15.749392051   -7.760979433   -3.154348990   -15.749392051  23.510371483   
	13        -2.786358500   -0.000000000   -25.112735667  2.786358500    0.000000000    25.112735667   
	14        3.154348990    -15.749392051  -23.510371483  -3.154348990   15.749392051   7.760979433    
	15        -2.667154211   12.302195737   -25.664364410  2.667154211    -12.302195737  37.966560147   
	16        -2.667154211   -12.302195737  -37.966560147  2.667154211    12.302195737   25.664364410   
	17        -0.018557680   19.011173589   7.823395694    0.018557680    -6.511173589   8.128071293    
	18        -0.018557680   -19.011173589  -7.823395694   0.018557680    6.511173589    -8.128071293   
	19        0.026835171    45.918133558   25.686303431   -0.026835171   -33.418133558  23.898863517   
	20        0.026835171    -45.918133558  -25.686303431  -0.026835171   33.418133558   -23.898863517  
	21        0.005157445    46.794786366   37.179653174   -0.005157445   -28.764786366  30.930847911   
	22        0.005157445    -46.794786366  -37.179653174  -0.005157445   28.764786366   -30.930847911  
  ____________________________________________________________________________________________________
	正负号规定满足：FN沿x轴为正，FQ沿y轴为正，M逆时针旋转为正。

